 XF =  -0.003 - XG =   0.000
 YF =  -0.002 - YG =   0.000
 ZF = -10.150 - ZG = -10.900
 Displacement =  0.4870881E+02
 Waterplane area =  0.7152557E-06
