 XF =   0.005 - XG =   0.000
 YF =   0.004 - YG =   0.000
 ZF =  -4.592 - ZG =  -3.900
 Displacement =  0.2973759E+03
 Waterplane area =  0.3239996E+02
