XB =  -0.000 - XG =    0.000
YB =   0.000 - YG =    0.000
ZB =  -1.293 - ZG =   -0.720
Displacement = 7.258322E+02
Waterplane area = 2.855230E+02